3 5 8 10 4 8 8 1 4 2 8 1
20
16
3 8 4 7 8 10 3 9 6 0 5 8
1 9 10 10 8 8 10 1 9 6 0 1
4 3 5 9 5 0 4 9 10 0 3 7 9
2 10 1 4 1 8 7 5 3 3 10 5
6 1 3 5 1 9 8 9 10 1 5 0
3 1 7 4 7 1 4 2 1 5 7 7
6 1 1 4 5 9 7 6 3 10 0 9
1 5 7 7 7 5 10 8 10 8 10 2
8 4 9 6 2 1 9 10 3 1 4 9
6 9 1 1 6 7 5 8 10 6 0 1
7 1 7 10 4 5 1 9 2 5 8 4
8 6 6 6 7 9 1 2 4 9 3 9
0 3 10 4 3 3 4 8 2 9 5 1
10 2 8 6 3 2 6 8 4 9 1 6
8 10 0 0 0 4 8 8 5 7 5 3
6 8 2 1 7 10 5 6 7 7 1 4
9 0 8 5 9 3 1 7 7 2 7 0
5 3 9 7 9 2 3 5 10 10 9 0
5 8 7 4 5 2 0 10 3 5 9 1
7 6 8 10 5 10 10 6 0 6 4 2